Ch 37 Stats:
min    = -64.0
max    = -37.0
mean   = -52.07318157567135
median = -52.0
mode   = -51.0
std    = 4.4424362461477065
range  = 27.0

Ch 38 Stats:
min    = -71.0
max    = -36.0
mean   = -49.868842255024006
median = -51.0
mode   = -51.0
std    = 5.323785251309412
range  = 35.0

Ch 39 Stats:
min    = -69.0
max    = -37.0
mean   = -49.868285307719674
median = -48.0
mode   = -48.0
std    = 5.947859146054576
range  = 32.0

