Ch 37 Stats:
min    = -61.0
max    = -43.0
mean   = -48.66305981364593
median = -48.0
mode   = -48.0
std    = 2.64696072840988
range  = 18.0

Ch 38 Stats:
min    = -56.0
max    = -51.0
mean   = -53.20198376916141
median = -53.0
mode   = -53.0
std    = 0.6949406778550838
range  = 5.0

Ch 39 Stats:
min    = -60.0
max    = -37.0
mean   = -52.64631578947368
median = -53.0
mode   = -52.0
std    = 2.7661606634487352
range  = 23.0

