Ch 37 Stats:
min    = -59.0
max    = -46.0
mean   = -54.80506329113924
median = -55.0
mode   = -55.0
std    = 0.863081630240871
range  = 13.0

Ch 38 Stats:
min    = -58.0
max    = -41.0
mean   = -49.894106813996316
median = -50.0
mode   = -49.0
std    = 1.9906116935947353
range  = 17.0

Ch 39 Stats:
min    = -53.0
max    = -39.0
mean   = -47.77573106147824
median = -48.0
mode   = -48.0
std    = 1.992706765163892
range  = 14.0

