Ch 37 Stats:
min    = -54.0
max    = -39.0
mean   = -45.73195665508076
median = -45.0
mode   = -45.0
std    = 1.7087286544331
range  = 15.0

Ch 38 Stats:
min    = -48.0
max    = -36.0
mean   = -43.43160907789818
median = -44.0
mode   = -44.0
std    = 1.4156496941530456
range  = 12.0

Ch 39 Stats:
min    = -49.0
max    = -37.0
mean   = -44.11372468807527
median = -44.0
mode   = -45.0
std    = 1.4806974813881284
range  = 12.0

