Ch 37 Stats:
min    = -60.0
max    = -53.0
mean   = -57.215303593556385
median = -57.0
mode   = -57.0
std    = 0.5857950777321642
range  = 7.0

Ch 38 Stats:
min    = -55.0
max    = -45.0
mean   = -52.80508211961574
median = -53.0
mode   = -53.0
std    = 0.5797782282357948
range  = 10.0

Ch 39 Stats:
min    = -51.0
max    = -37.0
mean   = -45.42064476131432
median = -46.0
mode   = -46.0
std    = 1.2710473077633844
range  = 14.0

