Ch 37 Stats:
min    = -59.0
max    = -44.0
mean   = -54.09093683246872
median = -55.0
mode   = -55.0
std    = 2.5941902795142275
range  = 15.0

Ch 38 Stats:
min    = -57.0
max    = -42.0
mean   = -53.48611534940494
median = -54.0
mode   = -54.0
std    = 3.2217883388335067
range  = 15.0

Ch 39 Stats:
min    = -62.0
max    = -41.0
mean   = -57.087606837606835
median = -58.0
mode   = -58.0
std    = 4.204754010199903
range  = 21.0

