Ch 37 Stats:
min    = -54.0
max    = -43.0
mean   = -50.576620230163535
median = -51.0
mode   = -51.0
std    = 1.0746331643770277
range  = 11.0

Ch 38 Stats:
min    = -55.0
max    = -36.0
mean   = -44.34534989397152
median = -44.0
mode   = -44.0
std    = 2.630145814650775
range  = 19.0

Ch 39 Stats:
min    = -60.0
max    = -40.0
mean   = -45.903968494395635
median = -45.0
mode   = -45.0
std    = 2.656299431638355
range  = 20.0

