Ch 37 Stats:
min    = -85.0
max    = -36.0
mean   = -53.12752843128744
median = -53.0
mode   = -55.0
std    = 6.9461980012486455
range  = 49.0

Ch 38 Stats:
min    = -85.0
max    = -36.0
mean   = -50.65645077270359
median = -50.0
mode   = -51.0
std    = 5.525879625683451
range  = 49.0

Ch 39 Stats:
min    = -80.0
max    = -39.0
mean   = -50.65398975427629
median = -50.0
mode   = -48.0
std    = 5.387584214228477
range  = 41.0

