Ch 37 Stats:
min    = -56.0
max    = -48.0
mean   = -53.193296257327525
median = -53.0
mode   = -53.0
std    = 0.7366185492594998
range  = 8.0

Ch 38 Stats:
min    = -56.0
max    = -49.0
mean   = -53.224860964978205
median = -53.0
mode   = -53.0
std    = 0.8171353387382555
range  = 7.0

Ch 39 Stats:
min    = -62.0
max    = -47.0
mean   = -51.7714972940469
median = -51.0
mode   = -51.0
std    = 1.859469495860817
range  = 15.0

