Ch 37 Stats:
min    = -56.0
max    = -43.0
mean   = -48.79590488771466
median = -49.0
mode   = -49.0
std    = 1.60261159348306
range  = 13.0

Ch 38 Stats:
min    = -55.0
max    = -46.0
mean   = -52.07001321003963
median = -52.0
mode   = -52.0
std    = 0.3748351474932657
range  = 9.0

Ch 39 Stats:
min    = -62.0
max    = -44.0
mean   = -56.106340819022456
median = -56.0
mode   = -57.0
std    = 2.1865839697572396
range  = 18.0

