Ch 37 Stats:
min    = -62.0
max    = -40.0
mean   = -52.37154150197628
median = -53.0
mode   = -56.0
std    = 3.969162728371916
range  = 22.0

Ch 38 Stats:
min    = -63.0
max    = -39.0
mean   = -50.80252764612954
median = -52.0
mode   = -55.0
std    = 5.102478039492563
range  = 24.0

Ch 39 Stats:
min    = -65.0
max    = -40.0
mean   = -49.55924170616114
median = -48.0
mode   = -48.0
std    = 5.470297581491294
range  = 25.0

