Ch 37 Stats:
min    = -83.0
max    = -38.0
mean   = -53.429248075784486
median = -54.0
mode   = -56.0
std    = 6.776116543986485
range  = 45.0

Ch 38 Stats:
min    = -77.0
max    = -39.0
mean   = -51.191943127962084
median = -51.0
mode   = -54.0
std    = 5.4924537564795175
range  = 38.0

Ch 39 Stats:
min    = -77.0
max    = -37.0
mean   = -50.28944246737841
median = -49.0
mode   = -48.0
std    = 5.312364619377164
range  = 40.0

