Ch 37 Stats:
min    = -59.0
max    = -52.0
mean   = -54.211721611721615
median = -54.0
mode   = -54.0
std    = 0.697614522605352
range  = 7.0

Ch 38 Stats:
min    = -59.0
max    = -52.0
mean   = -54.12161172161172
median = -54.0
mode   = -54.0
std    = 0.765749807063592
range  = 7.0

Ch 39 Stats:
min    = -62.0
max    = -49.0
mean   = -54.47912087912088
median = -55.0
mode   = -56.0
std    = 2.241087749262321
range  = 13.0

