Ch 37 Stats:
min    = -53.0
max    = -43.0
mean   = -49.83880037488285
median = -50.0
mode   = -50.0
std    = 1.148297692134213
range  = 10.0

Ch 38 Stats:
min    = -52.0
max    = -38.0
mean   = -42.807494145199065
median = -42.0
mode   = -42.0
std    = 1.4025482388042232
range  = 14.0

Ch 39 Stats:
min    = -59.0
max    = -41.0
mean   = -46.03887587822014
median = -45.0
mode   = -45.0
std    = 2.039875828004605
range  = 18.0

