Ch 37 Stats:
min    = -60.0
max    = -41.0
mean   = -56.10891938250429
median = -56.0
mode   = -56.0
std    = 2.129935266384592
range  = 19.0

Ch 38 Stats:
min    = -63.0
max    = -38.0
mean   = -58.5981148243359
median = -59.0
mode   = -59.0
std    = 2.961808915508252
range  = 25.0

Ch 39 Stats:
min    = -62.0
max    = -41.0
mean   = -57.67780634104542
median = -58.0
mode   = -58.0
std    = 2.84277169851432
range  = 21.0

