Ch 37 Stats:
min    = -56.0
max    = -46.0
mean   = -52.47323794382618
median = -53.0
mode   = -53.0
std    = 0.9748694113169921
range  = 10.0

Ch 38 Stats:
min    = -59.0
max    = -52.0
mean   = -54.498409331919405
median = -54.0
mode   = -54.0
std    = 1.0376200139581204
range  = 7.0

Ch 39 Stats:
min    = -58.0
max    = -39.0
mean   = -47.71474019088017
median = -48.0
mode   = -48.0
std    = 1.5978317906266455
range  = 19.0

