Ch 37 Stats:
min    = -51.0
max    = -41.0
mean   = -45.44225604297225
median = -45.0
mode   = -45.0
std    = 1.1752851841712106
range  = 10.0

Ch 38 Stats:
min    = -46.0
max    = -38.0
mean   = -42.707251566696506
median = -42.0
mode   = -42.0
std    = 1.1084844113661314
range  = 8.0

Ch 39 Stats:
min    = -49.0
max    = -40.0
mean   = -43.15577439570278
median = -43.0
mode   = -42.0
std    = 1.3208064954865493
range  = 9.0

