Ch 37 Stats:
min    = -59.0
max    = -52.0
mean   = -54.19073203492277
median = -54.0
mode   = -54.0
std    = 0.7575037270934313
range  = 7.0

Ch 38 Stats:
min    = -57.0
max    = -53.0
mean   = -53.17785234899329
median = -53.0
mode   = -53.0
std    = 0.45174769008615007
range  = 4.0

Ch 39 Stats:
min    = -52.0
max    = -44.0
mean   = -47.366689053055744
median = -47.0
mode   = -47.0
std    = 1.8650340481324343
range  = 8.0

