Ch 37 Stats:
min    = -59.0
max    = -48.0
mean   = -53.51329572925061
median = -55.0
mode   = -55.0
std    = 1.7015246058308635
range  = 11.0

Ch 38 Stats:
min    = -60.0
max    = -47.0
mean   = -49.8726833199033
median = -51.0
mode   = -51.0
std    = 1.7005416510309017
range  = 13.0

Ch 39 Stats:
min    = -52.0
max    = -44.0
mean   = -47.959709911361806
median = -48.0
mode   = -48.0
std    = 1.89268232078012
range  = 8.0

