Ch 37 Stats:
min    = -79.0
max    = -53.0
mean   = -62.951830295604225
median = -62.0
mode   = -62.0
std    = 4.3322308384214265
range  = 26.0

Ch 38 Stats:
min    = -83.0
max    = -52.0
mean   = -59.29777131040821
median = -59.0
mode   = -57.0
std    = 4.7368583133598765
range  = 31.0

Ch 39 Stats:
min    = -88.0
max    = -49.0
mean   = -60.01501340482574
median = -59.0
mode   = -58.0
std    = 5.107628626210892
range  = 39.0

