Ch 37 Stats:
min    = -59.0
max    = -52.0
mean   = -55.91164231961045
median = -56.0
mode   = -56.0
std    = 0.8313527689898575
range  = 7.0

Ch 38 Stats:
min    = -55.0
max    = -47.0
mean   = -51.05719344842851
median = -51.0
mode   = -51.0
std    = 0.7711972937146235
range  = 8.0

Ch 39 Stats:
min    = -55.0
max    = -45.0
mean   = -50.674723328906595
median = -50.0
mode   = -50.0
std    = 1.8325252754831167
range  = 10.0

