Ch 37 Stats:
min    = -80.0
max    = -60.0
mean   = -64.49650713436385
median = -64.0
mode   = -64.0
std    = 2.301500259336211
range  = 20.0

Ch 38 Stats:
min    = -65.0
max    = -57.0
mean   = -59.95005574136009
median = -60.0
mode   = -60.0
std    = 0.8891445764108405
range  = 8.0

Ch 39 Stats:
min    = -72.0
max    = -59.0
mean   = -63.768007135954804
median = -64.0
mode   = -64.0
std    = 1.3584175047114102
range  = 13.0

