Ch 37 Stats:
min    = -67.0
max    = -56.0
mean   = -61.74617974617975
median = -61.0
mode   = -61.0
std    = 1.0111739592535967
range  = 11.0

Ch 38 Stats:
min    = -66.0
max    = -53.0
mean   = -59.52176165803109
median = -60.0
mode   = -60.0
std    = 1.6421835902518938
range  = 13.0

Ch 39 Stats:
min    = -67.0
max    = -54.0
mean   = -63.53478429848426
median = -64.0
mode   = -64.0
std    = 1.483362443181375
range  = 13.0

