Ch 37 Stats:
min    = -67.0
max    = -58.0
mean   = -62.303009730708304
median = -62.0
mode   = -62.0
std    = 0.9338503573327965
range  = 9.0

Ch 38 Stats:
min    = -63.0
max    = -57.0
mean   = -60.08259787282191
median = -60.0
mode   = -60.0
std    = 0.289709510392575
range  = 6.0

Ch 39 Stats:
min    = -62.0
max    = -56.0
mean   = -58.069941149841554
median = -58.0
mode   = -58.0
std    = 1.2746617057067482
range  = 6.0

