Ch 37 Stats:
min    = -82.0
max    = -52.0
mean   = -79.86981214504151
median = -80.0
mode   = -80.0
std    = 3.809378088414449
range  = 30.0

Ch 38 Stats:
min    = -65.0
max    = -49.0
mean   = -62.72533426548982
median = -63.0
mode   = -63.0
std    = 1.92776667560424
range  = 16.0

Ch 39 Stats:
min    = -72.0
max    = -46.0
mean   = -71.47823807026744
median = -72.0
mode   = -72.0
std    = 3.254105691701803
range  = 26.0

