Ch 37 Stats:
min    = -85.0
max    = -49.0
mean   = -62.80119965724079
median = -63.0
mode   = -63.0
std    = 4.815723013100912
range  = 36.0

Ch 38 Stats:
min    = -79.0
max    = -49.0
mean   = -58.64158381899212
median = -58.0
mode   = -54.0
std    = 5.406651391313189
range  = 30.0

Ch 39 Stats:
min    = -88.0
max    = -39.0
mean   = -58.747899159663866
median = -58.0
mode   = -58.0
std    = 5.862627101318067
range  = 49.0

