Ch 37 Stats:
min    = -68.0
max    = -57.0
mean   = -63.117532237797214
median = -63.0
mode   = -63.0
std    = 0.6447441983175743
range  = 11.0

Ch 38 Stats:
min    = -58.0
max    = -49.0
mean   = -54.03966133538289
median = -54.0
mode   = -54.0
std    = 0.31279994386708243
range  = 9.0

Ch 39 Stats:
min    = -65.0
max    = -52.0
mean   = -58.579914357867
median = -58.0
mode   = -58.0
std    = 1.9138901331113616
range  = 13.0

