Ch 37 Stats:
min    = -68.0
max    = -60.0
mean   = -65.67699115044248
median = -66.0
mode   = -66.0
std    = 0.5889979803213405
range  = 8.0

Ch 38 Stats:
min    = -65.0
max    = -57.0
mean   = -61.82319564230595
median = -61.0
mode   = -61.0
std    = 1.1468371140230122
range  = 8.0

Ch 39 Stats:
min    = -66.0
max    = -52.0
mean   = -57.14186811939621
median = -56.0
mode   = -56.0
std    = 2.254133920898075
range  = 14.0

