Ch 37 Stats:
min    = -64.0
max    = -51.0
mean   = -55.21443764956129
median = -55.0
mode   = -55.0
std    = 1.3656717918520724
range  = 13.0

Ch 38 Stats:
min    = -64.0
max    = -53.0
mean   = -53.83262430204733
median = -54.0
mode   = -54.0
std    = 1.2951729390058042
range  = 11.0

Ch 39 Stats:
min    = -67.0
max    = -45.0
mean   = -51.13163143199043
median = -51.0
mode   = -51.0
std    = 2.6196801433574404
range  = 22.0

