Ch 37 Stats:
min    = -63.0
max    = -56.0
mean   = -57.96868008948546
median = -57.0
mode   = -57.0
std    = 1.3239145268658998
range  = 7.0

Ch 38 Stats:
min    = -67.0
max    = -57.0
mean   = -59.53358208955224
median = -59.0
mode   = -59.0
std    = 1.3030351212599203
range  = 10.0

Ch 39 Stats:
min    = -69.0
max    = -58.0
mean   = -64.59402985074627
median = -65.0
mode   = -65.0
std    = 1.8777324603191474
range  = 11.0

