Ch 37 Stats:
min    = -63.0
max    = -55.0
mean   = -58.384972889233154
median = -58.0
mode   = -58.0
std    = 1.0068249557457833
range  = 8.0

Ch 38 Stats:
min    = -65.0
max    = -53.0
mean   = -57.333333333333336
median = -57.0
mode   = -57.0
std    = 1.6093854545280457
range  = 12.0

Ch 39 Stats:
min    = -68.0
max    = -56.0
mean   = -62.421378776142525
median = -64.0
mode   = -59.0
std    = 2.945337919805429
range  = 12.0

