Ch 37 Stats:
min    = -81.0
max    = -55.0
mean   = -57.4683995922528
median = -57.0
mode   = -57.0
std    = 2.4910385816067517
range  = 26.0

Ch 38 Stats:
min    = -72.0
max    = -52.0
mean   = -54.50892401835798
median = -54.0
mode   = -54.0
std    = 1.7193517154045768
range  = 20.0

Ch 39 Stats:
min    = -75.0
max    = -55.0
mean   = -63.993367346938776
median = -65.0
mode   = -65.0
std    = 2.246989225527723
range  = 20.0

