Ch 37 Stats:
min    = -83.0
max    = -55.0
mean   = -63.61904761904762
median = -62.0
mode   = -57.0
std    = 6.5042340888089525
range  = 28.0

Ch 38 Stats:
min    = -76.0
max    = -53.0
mean   = -60.93354264782836
median = -62.0
mode   = -63.0
std    = 4.756068590531458
range  = 23.0

Ch 39 Stats:
min    = -88.0
max    = -56.0
mean   = -64.59937238493724
median = -65.0
mode   = -65.0
std    = 3.907828638937996
range  = 32.0

