Ch 37 Stats:
min    = -78.0
max    = -57.0
mean   = -70.07595772787319
median = -70.0
mode   = -71.0
std    = 2.2166623805283385
range  = 21.0

Ch 38 Stats:
min    = -69.0
max    = -59.0
mean   = -62.99009247027741
median = -63.0
mode   = -63.0
std    = 1.248621549812335
range  = 10.0

Ch 39 Stats:
min    = -70.0
max    = -59.0
mean   = -63.40488771466315
median = -64.0
mode   = -65.0
std    = 2.307893840594148
range  = 11.0

