Ch 37 Stats:
min    = -68.0
max    = -57.0
mean   = -65.13968775677897
median = -65.0
mode   = -65.0
std    = 0.7685497071914044
range  = 11.0

Ch 38 Stats:
min    = -68.0
max    = -58.0
mean   = -63.27220394736842
median = -63.0
mode   = -63.0
std    = 0.7562635535886038
range  = 10.0

Ch 39 Stats:
min    = -76.0
max    = -56.0
mean   = -71.48190789473684
median = -72.0
mode   = -72.0
std    = 2.123666751674583
range  = 20.0

