Ch 37 Stats:
min    = -74.0
max    = -63.0
mean   = -66.74476338246703
median = -67.0
mode   = -67.0
std    = 1.2142487238529889
range  = 11.0

Ch 38 Stats:
min    = -69.0
max    = -62.0
mean   = -66.5453137103021
median = -67.0
mode   = -67.0
std    = 1.2155641647888682
range  = 7.0

Ch 39 Stats:
min    = -72.0
max    = -60.0
mean   = -69.64136328427576
median = -69.0
mode   = -69.0
std    = 2.0507043979111543
range  = 12.0

