Ch 37 Stats:
min    = -89.0
max    = -55.0
mean   = -73.4521238300936
median = -74.0
mode   = -74.0
std    = 5.818215597065358
range  = 34.0

Ch 38 Stats:
min    = -85.0
max    = -54.0
mean   = -63.97482014388489
median = -65.0
mode   = -64.0
std    = 3.256064696998666
range  = 31.0

Ch 39 Stats:
min    = -83.0
max    = -54.0
mean   = -60.097122302158276
median = -61.0
mode   = -56.0
std    = 3.845456632091106
range  = 29.0

