Ch 37 Stats:
min    = -69.0
max    = -60.0
mean   = -62.97697841726619
median = -63.0
mode   = -63.0
std    = 0.9826659311013286
range  = 9.0

Ch 38 Stats:
min    = -67.0
max    = -58.0
mean   = -61.09424460431654
median = -61.0
mode   = -61.0
std    = 1.3577641058193795
range  = 9.0

Ch 39 Stats:
min    = -74.0
max    = -56.0
mean   = -62.30863309352518
median = -63.0
mode   = -63.0
std    = 2.669535408367572
range  = 18.0

