Ch 37 Stats:
min    = -61.0
max    = -53.0
mean   = -56.19438510833079
median = -56.0
mode   = -56.0
std    = 0.6331252516264337
range  = 8.0

Ch 38 Stats:
min    = -62.0
max    = -52.0
mean   = -54.275946275946275
median = -54.0
mode   = -54.0
std    = 0.9080714513610517
range  = 10.0

Ch 39 Stats:
min    = -67.0
max    = -55.0
mean   = -62.37625877326823
median = -63.0
mode   = -63.0
std    = 2.2492077653252918
range  = 12.0

