Ch 37 Stats:
min    = -89.0
max    = -54.0
mean   = -64.69094922737307
median = -64.0
mode   = -67.0
std    = 5.56468570393838
range  = 35.0

Ch 38 Stats:
min    = -90.0
max    = -53.0
mean   = -65.41855328547764
median = -64.0
mode   = -64.0
std    = 6.618187589259935
range  = 37.0

Ch 39 Stats:
min    = -91.0
max    = -54.0
mean   = -66.70309050772627
median = -66.0
mode   = -65.0
std    = 5.427920471764025
range  = 37.0

