Ch 37 Stats:
min    = -73.0
max    = -69.0
mean   = -71.5551876379691
median = -71.0
mode   = -71.0
std    = 0.9652954320999714
range  = 4.0

Ch 38 Stats:
min    = -76.0
max    = -64.0
mean   = -67.36754966887418
median = -67.0
mode   = -66.0
std    = 1.4214597144430579
range  = 12.0

Ch 39 Stats:
min    = -71.0
max    = -62.0
mean   = -66.24944812362031
median = -66.0
mode   = -65.0
std    = 1.8167345065594809
range  = 9.0

