Ch 37 Stats:
min    = -73.0
max    = -67.0
mean   = -71.15066225165563
median = -71.0
mode   = -71.0
std    = 0.6198756600787302
range  = 6.0

Ch 38 Stats:
min    = -74.0
max    = -64.0
mean   = -70.36534216335541
median = -71.0
mode   = -71.0
std    = 1.0291562615241192
range  = 10.0

Ch 39 Stats:
min    = -72.0
max    = -66.0
mean   = -70.61754966887418
median = -71.0
mode   = -71.0
std    = 0.7142788838196744
range  = 6.0

