Ch 37 Stats:
min    = -68.0
max    = -65.0
mean   = -67.9757174392936
median = -68.0
mode   = -68.0
std    = 0.17416134507597786
range  = 3.0

Ch 38 Stats:
min    = -67.0
max    = -62.0
mean   = -64.469646799117
median = -64.0
mode   = -64.0
std    = 0.5866782521886029
range  = 5.0

Ch 39 Stats:
min    = -71.0
max    = -61.0
mean   = -66.76710816777042
median = -66.0
mode   = -65.0
std    = 2.088558355891228
range  = 10.0

