Ch 37 Stats:
min    = -76.0
max    = -71.0
mean   = -73.58664459161147
median = -73.0
mode   = -73.0
std    = 1.0316356500073536
range  = 5.0

Ch 38 Stats:
min    = -80.0
max    = -72.0
mean   = -73.94426048565121
median = -73.0
mode   = -73.0
std    = 1.4449917906390441
range  = 8.0

Ch 39 Stats:
min    = -75.0
max    = -68.0
mean   = -69.93377483443709
median = -69.0
mode   = -69.0
std    = 1.250963842678444
range  = 7.0

