Ch 37 Stats:
min    = -89.0
max    = -68.0
mean   = -73.29512006196747
median = -72.0
mode   = -71.0
std    = 4.213540305275197
range  = 21.0

Ch 38 Stats:
min    = -92.0
max    = -64.0
mean   = -69.90902021772939
median = -69.0
mode   = -66.0
std    = 4.87001109511231
range  = 28.0

Ch 39 Stats:
min    = -82.0
max    = -61.0
mean   = -68.72093023255815
median = -68.0
mode   = -67.0
std    = 3.68499093241897
range  = 21.0

