Ch 37 Stats:
min    = -71.0
max    = -65.0
mean   = -68.56993529118965
median = -68.0
mode   = -68.0
std    = 0.7163514557542843
range  = 6.0

Ch 38 Stats:
min    = -68.0
max    = -62.0
mean   = -65.68473396320239
median = -65.0
mode   = -65.0
std    = 1.0789992905420307
range  = 6.0

Ch 39 Stats:
min    = -71.0
max    = -59.0
mean   = -65.86865671641792
median = -65.0
mode   = -65.0
std    = 1.8601323262999616
range  = 12.0

