Ch 37 Stats:
min    = -87.0
max    = -75.0
mean   = -76.92772511848341
median = -76.0
mode   = -76.0
std    = 1.3235324974316058
range  = 12.0

Ch 38 Stats:
min    = -94.0
max    = -66.0
mean   = -81.31727158948686
median = -80.0
mode   = -79.0
std    = 3.771174267568996
range  = 28.0

Ch 39 Stats:
min    = -85.0
max    = -65.0
mean   = -75.31557134399053
median = -74.0
mode   = -74.0
std    = 2.433815933105862
range  = 20.0

