Ch 37 Stats:
min    = -81.0
max    = -69.0
mean   = -70.96192052980132
median = -71.0
mode   = -70.0
std    = 1.0361688013815793
range  = 12.0

Ch 38 Stats:
min    = -76.0
max    = -68.0
mean   = -71.51655629139073
median = -70.0
mode   = -70.0
std    = 2.2588562205952982
range  = 8.0

Ch 39 Stats:
min    = -73.0
max    = -64.0
mean   = -68.34437086092716
median = -68.0
mode   = -68.0
std    = 1.6796295677006712
range  = 9.0

