Ch 37 Stats:
min    = -87.0
max    = -63.0
mean   = -70.50931414055884
median = -71.0
mode   = -71.0
std    = 1.3585368643685156
range  = 24.0

Ch 38 Stats:
min    = -81.0
max    = -62.0
mean   = -69.5406584817794
median = -70.0
mode   = -70.0
std    = 1.3045120566842607
range  = 19.0

Ch 39 Stats:
min    = -89.0
max    = -57.0
mean   = -65.22766054448353
median = -65.0
mode   = -64.0
std    = 2.09023510323014
range  = 32.0

