Ch 37 Stats:
min    = -81.0
max    = -71.0
mean   = -74.48178807947019
median = -75.0
mode   = -75.0
std    = 0.8209027254900646
range  = 10.0

Ch 38 Stats:
min    = -74.0
max    = -62.0
mean   = -65.96743929359823
median = -66.0
mode   = -66.0
std    = 0.692740186862952
range  = 12.0

Ch 39 Stats:
min    = -75.0
max    = -61.0
mean   = -67.37969094922737
median = -67.0
mode   = -66.0
std    = 2.2865864144316705
range  = 14.0

