Ch 37 Stats:
min    = -66.0
max    = -58.0
mean   = -62.14935064935065
median = -62.0
mode   = -62.0
std    = 1.1630127550410365
range  = 8.0

Ch 38 Stats:
min    = -64.0
max    = -56.0
mean   = -60.07737321196359
median = -60.0
mode   = -60.0
std    = 1.1355131450811724
range  = 8.0

Ch 39 Stats:
min    = -71.0
max    = -57.0
mean   = -63.48862897985705
median = -63.0
mode   = -63.0
std    = 2.0476366863888984
range  = 14.0

