Ch 37 Stats:
min    = -63.0
max    = -56.0
mean   = -58.17887667887668
median = -58.0
mode   = -58.0
std    = 0.9374412245763499
range  = 7.0

Ch 38 Stats:
min    = -58.0
max    = -49.0
mean   = -55.06772422208664
median = -55.0
mode   = -55.0
std    = 0.4402537087311315
range  = 9.0

Ch 39 Stats:
min    = -69.0
max    = -51.0
mean   = -59.9023199023199
median = -60.0
mode   = -60.0
std    = 2.6042551506445437
range  = 18.0

