Ch 37 Stats:
min    = -67.0
max    = -54.0
mean   = -60.90138888888889
median = -60.0
mode   = -60.0
std    = 2.253249868583723
range  = 13.0

Ch 38 Stats:
min    = -65.0
max    = -53.0
mean   = -56.945795691452396
median = -56.0
mode   = -56.0
std    = 2.4619174634044168
range  = 12.0

Ch 39 Stats:
min    = -84.0
max    = -59.0
mean   = -65.74513888888889
median = -65.0
mode   = -63.0
std    = 3.6494657688013312
range  = 25.0

