Ch 37 Stats:
min    = -67.0
max    = -60.0
mean   = -63.4571129707113
median = -64.0
mode   = -64.0
std    = 0.7866239368339683
range  = 7.0

Ch 38 Stats:
min    = -67.0
max    = -56.0
mean   = -64.31083202511773
median = -65.0
mode   = -65.0
std    = 1.9066384136369574
range  = 11.0

Ch 39 Stats:
min    = -71.0
max    = -57.0
mean   = -65.95970695970696
median = -65.0
mode   = -65.0
std    = 2.302957060603378
range  = 14.0

