Ch 37 Stats:
min    = -74.0
max    = -61.0
mean   = -66.80201342281879
median = -66.0
mode   = -66.0
std    = 2.4008329033426494
range  = 13.0

Ch 38 Stats:
min    = -66.0
max    = -58.0
mean   = -62.83613163196777
median = -63.0
mode   = -63.0
std    = 1.1657108560297798
range  = 8.0

Ch 39 Stats:
min    = -79.0
max    = -66.0
mean   = -71.14237743451982
median = -70.0
mode   = -68.0
std    = 3.29077155216261
range  = 13.0

