Ch 37 Stats:
min    = -67.0
max    = -61.0
mean   = -64.14362416107383
median = -64.0
mode   = -64.0
std    = 0.7444734503577521
range  = 6.0

Ch 38 Stats:
min    = -67.0
max    = -58.0
mean   = -64.04298186702485
median = -64.0
mode   = -65.0
std    = 1.4822537059255794
range  = 9.0

Ch 39 Stats:
min    = -72.0
max    = -61.0
mean   = -66.93754197447952
median = -67.0
mode   = -65.0
std    = 2.1731486069821884
range  = 11.0

