Ch 37 Stats:
min    = -73.0
max    = -61.0
mean   = -64.99583333333334
median = -65.0
mode   = -65.0
std    = 1.3859152012662117
range  = 12.0

Ch 38 Stats:
min    = -65.0
max    = -58.0
mean   = -61.41209173036831
median = -61.0
mode   = -61.0
std    = 1.228608223488302
range  = 7.0

Ch 39 Stats:
min    = -84.0
max    = -61.0
mean   = -71.03544127866574
median = -70.0
mode   = -70.0
std    = 2.985732472431494
range  = 23.0

