Ch 37 Stats:
min    = -63.0
max    = -54.0
mean   = -59.73358116480793
median = -60.0
mode   = -60.0
std    = 1.2497835896652405
range  = 9.0

Ch 38 Stats:
min    = -64.0
max    = -54.0
mean   = -57.897706137631744
median = -58.0
mode   = -58.0
std    = 1.568953103706749
range  = 10.0

Ch 39 Stats:
min    = -71.0
max    = -55.0
mean   = -65.34779913205207
median = -65.0
mode   = -65.0
std    = 3.254495334183561
range  = 16.0

