Ch 37 Stats:
min    = -78.0
max    = -71.0
mean   = -73.54096140825999
median = -73.0
mode   = -73.0
std    = 0.8452059322621328
range  = 7.0

Ch 38 Stats:
min    = -89.0
max    = -68.0
mean   = -79.35184558076533
median = -80.0
mode   = -80.0
std    = 2.237690843747184
range  = 21.0

Ch 39 Stats:
min    = -87.0
max    = -66.0
mean   = -77.51320243737305
median = -78.0
mode   = -77.0
std    = 2.2180481488386037
range  = 21.0

