Ch 37 Stats:
min    = -90.0
max    = -70.0
mean   = -81.53326810176125
median = -82.0
mode   = -82.0
std    = 2.40275761066825
range  = 20.0

Ch 38 Stats:
min    = -78.0
max    = -69.0
mean   = -75.43155339805826
median = -76.0
mode   = -76.0
std    = 1.1755459250976554
range  = 9.0

Ch 39 Stats:
min    = -76.0
max    = -67.0
mean   = -71.26407766990292
median = -71.0
mode   = -71.0
std    = 1.0940125243279921
range  = 9.0

