Ch 37 Stats:
min    = -76.0
max    = -68.0
mean   = -70.94892026578073
median = -71.0
mode   = -71.0
std    = 0.5509809934354738
range  = 8.0

Ch 38 Stats:
min    = -70.0
max    = -66.0
mean   = -67.57249688408808
median = -68.0
mode   = -68.0
std    = 0.5763052314124689
range  = 4.0

Ch 39 Stats:
min    = -72.0
max    = -63.0
mean   = -68.85797342192691
median = -67.0
mode   = -67.0
std    = 2.1061789041674976
range  = 9.0

