Ch 37 Stats:
min    = -76.0
max    = -67.0
mean   = -73.38414437640992
median = -73.0
mode   = -73.0
std    = 0.8165163028168843
range  = 9.0

Ch 38 Stats:
min    = -71.0
max    = -65.0
mean   = -67.81759587495972
median = -68.0
mode   = -68.0
std    = 0.651526814947387
range  = 6.0

Ch 39 Stats:
min    = -72.0
max    = -62.0
mean   = -66.16081211730584
median = -66.0
mode   = -69.0
std    = 2.264914374171559
range  = 10.0

