Ch 37 Stats:
min    = -91.0
max    = -67.0
mean   = -73.92670738478623
median = -72.0
mode   = -72.0
std    = 4.674179986002999
range  = 24.0

Ch 38 Stats:
min    = -91.0
max    = -64.0
mean   = -72.75220750551877
median = -73.0
mode   = -73.0
std    = 4.19089894864802
range  = 27.0

Ch 39 Stats:
min    = -87.0
max    = -62.0
mean   = -69.65949227373068
median = -69.0
mode   = -71.0
std    = 3.062112999281864
range  = 25.0

