Ch 37 Stats:
min    = -90.0
max    = -72.0
mean   = -76.14468085106382
median = -76.0
mode   = -76.0
std    = 1.3083392664736384
range  = 18.0

Ch 38 Stats:
min    = -82.0
max    = -66.0
mean   = -68.18581560283688
median = -68.0
mode   = -68.0
std    = 1.027887364828223
range  = 16.0

Ch 39 Stats:
min    = -75.0
max    = -64.0
mean   = -69.11347517730496
median = -70.0
mode   = -71.0
std    = 2.2363604701402213
range  = 11.0

