Ch 37 Stats:
min    = -88.0
max    = -72.0
mean   = -82.17408056042032
median = -82.0
mode   = -82.0
std    = 2.118963825783575
range  = 16.0

Ch 38 Stats:
min    = -88.0
max    = -71.0
mean   = -77.84121976866456
median = -78.0
mode   = -77.0
std    = 2.682279948219216
range  = 17.0

Ch 39 Stats:
min    = -82.0
max    = -64.0
mean   = -68.94395796847635
median = -68.0
mode   = -67.0
std    = 2.2511410541956605
range  = 18.0

