Ch 37 Stats:
min    = -72.0
max    = -67.0
mean   = -69.99825821902895
median = -70.0
mode   = -70.0
std    = 0.5906475779660773
range  = 5.0

Ch 38 Stats:
min    = -72.0
max    = -67.0
mean   = -69.93118466898954
median = -70.0
mode   = -70.0
std    = 0.8914334130036653
range  = 5.0

Ch 39 Stats:
min    = -79.0
max    = -67.0
mean   = -73.56685540069687
median = -74.0
mode   = -73.0
std    = 1.7500957058800926
range  = 12.0

