Ch 37 Stats:
min    = -92.0
max    = -66.0
mean   = -75.48977505112474
median = -76.0
mode   = -77.0
std    = 4.6736347898461865
range  = 26.0

Ch 38 Stats:
min    = -95.0
max    = -65.0
mean   = -75.32991803278688
median = -74.0
mode   = -73.0
std    = 5.269543098104498
range  = 30.0

Ch 39 Stats:
min    = -90.0
max    = -64.0
mean   = -72.23634507401735
median = -71.0
mode   = -71.0
std    = 4.305824987223416
range  = 26.0

