Ch 37 Stats:
min    = -72.0
max    = -56.0
mean   = -69.6664009565564
median = -71.0
mode   = -71.0
std    = 3.4108477855049837
range  = 16.0

Ch 38 Stats:
min    = -73.0
max    = -52.0
mean   = -67.87709497206704
median = -70.0
mode   = -70.0
std    = 4.936165176254146
range  = 21.0

Ch 39 Stats:
min    = -72.0
max    = -52.0
mean   = -67.5095770151636
median = -68.0
mode   = -68.0
std    = 3.8442880951792566
range  = 20.0

