Ch 37 Stats:
min    = -63.0
max    = -54.0
mean   = -59.47265400115141
median = -59.0
mode   = -59.0
std    = 1.2145790325927717
range  = 9.0

Ch 38 Stats:
min    = -66.0
max    = -53.0
mean   = -58.63003452243959
median = -58.0
mode   = -58.0
std    = 1.4843478508332408
range  = 13.0

Ch 39 Stats:
min    = -71.0
max    = -61.0
mean   = -66.94246260069045
median = -67.0
mode   = -68.0
std    = 2.3270636541511984
range  = 10.0

