Ch 37 Stats:
min    = -67.0
max    = -55.0
mean   = -62.477093206951025
median = -62.0
mode   = -62.0
std    = 0.8527267136794723
range  = 12.0

Ch 38 Stats:
min    = -67.0
max    = -53.0
mean   = -61.40205371248025
median = -61.0
mode   = -60.0
std    = 1.8399077697170743
range  = 14.0

Ch 39 Stats:
min    = -69.0
max    = -57.0
mean   = -63.207740916271725
median = -63.0
mode   = -64.0
std    = 2.499701822379371
range  = 12.0

