Ch 37 Stats:
min    = -67.0
max    = -59.0
mean   = -62.52894438138479
median = -62.0
mode   = -62.0
std    = 0.7673874484593973
range  = 8.0

Ch 38 Stats:
min    = -65.0
max    = -53.0
mean   = -60.822360953461974
median = -61.0
mode   = -61.0
std    = 1.4052305507890397
range  = 12.0

Ch 39 Stats:
min    = -69.0
max    = -56.0
mean   = -61.71242200794101
median = -61.0
mode   = -61.0
std    = 2.118133957785699
range  = 13.0

