Ch 37 Stats:
min    = -68.0
max    = -54.0
mean   = -61.298963133640555
median = -61.0
mode   = -60.0
std    = 2.4296248134407037
range  = 14.0

Ch 38 Stats:
min    = -71.0
max    = -53.0
mean   = -58.626943005181346
median = -58.0
mode   = -57.0
std    = 2.812523329893767
range  = 18.0

Ch 39 Stats:
min    = -88.0
max    = -55.0
mean   = -63.58055235903337
median = -63.0
mode   = -63.0
std    = 3.7569526926323937
range  = 33.0

