Ch 37 Stats:
min    = -64.0
max    = -55.0
mean   = -60.032724984266835
median = -60.0
mode   = -60.0
std    = 0.8062641640792526
range  = 9.0

Ch 38 Stats:
min    = -65.0
max    = -50.0
mean   = -55.61964735516373
median = -55.0
mode   = -55.0
std    = 1.1057126686815981
range  = 15.0

Ch 39 Stats:
min    = -67.0
max    = -54.0
mean   = -60.459408432976716
median = -60.0
mode   = -58.0
std    = 2.189773553146494
range  = 13.0

