Ch 37 Stats:
min    = -65.0
max    = -54.0
mean   = -60.420025188916874
median = -60.0
mode   = -60.0
std    = 1.4595670519716755
range  = 11.0

Ch 38 Stats:
min    = -67.0
max    = -56.0
mean   = -63.7803650094399
median = -63.0
mode   = -63.0
std    = 1.6092356612018346
range  = 11.0

Ch 39 Stats:
min    = -69.0
max    = -53.0
mean   = -59.731906859660164
median = -60.0
mode   = -60.0
std    = 2.3806250267036546
range  = 16.0

