Ch 37 Stats:
min    = -65.0
max    = -54.0
mean   = -61.124211547792335
median = -61.0
mode   = -61.0
std    = 1.1583805744338977
range  = 11.0

Ch 38 Stats:
min    = -63.0
max    = -54.0
mean   = -57.210194174757284
median = -57.0
mode   = -57.0
std    = 0.9691666940119126
range  = 9.0

Ch 39 Stats:
min    = -71.0
max    = -59.0
mean   = -64.66796116504854
median = -65.0
mode   = -63.0
std    = 1.9739544280376642
range  = 12.0

