Ch 37 Stats:
min    = -66.0
max    = -56.0
mean   = -59.57937147461725
median = -59.0
mode   = -59.0
std    = 1.0137887694946064
range  = 10.0

Ch 38 Stats:
min    = -67.0
max    = -52.0
mean   = -55.63900080580177
median = -55.0
mode   = -54.0
std    = 2.6703679160852376
range  = 15.0

Ch 39 Stats:
min    = -71.0
max    = -54.0
mean   = -63.885576148267525
median = -63.0
mode   = -60.0
std    = 3.154074657647038
range  = 17.0

