Ch 37 Stats:
min    = -66.0
max    = -59.0
mean   = -62.194414607948445
median = -62.0
mode   = -62.0
std    = 0.9899065875530673
range  = 7.0

Ch 38 Stats:
min    = -64.0
max    = -56.0
mean   = -59.04672395273899
median = -59.0
mode   = -58.0
std    = 1.2719718634226576
range  = 8.0

Ch 39 Stats:
min    = -71.0
max    = -59.0
mean   = -64.62224610424504
median = -65.0
mode   = -65.0
std    = 1.9542398092028666
range  = 12.0

