Ch 37 Stats:
min    = -86.0
max    = -53.0
mean   = -62.80674292594822
median = -62.0
mode   = -60.0
std    = 4.706632367255767
range  = 33.0

Ch 38 Stats:
min    = -86.0
max    = -53.0
mean   = -60.08779314491882
median = -59.0
mode   = -58.0
std    = 4.353593906674918
range  = 33.0

Ch 39 Stats:
min    = -88.0
max    = -53.0
mean   = -64.63455749548464
median = -65.0
mode   = -63.0
std    = 4.565400020726828
range  = 35.0

